00000000000000000000000000000000
00000000000000000000000000000000
00FD591DFE054DC600FD591DFF0546BD
01FAAB3200FD591DFE054DC600FD591D
FF0546BD01FAAB320000F4820001E903
0000F482FF2A469901D1E7610000F482
0001E9030000F482FF2A469901D1E761
00FD591DFE054DC600FD591DFF0546BD
01FAAB3200FD591DFE054DC600FD591D
FF0546BD01FAAB320000F4820001E903
0000F482FF2A469901D1E7610000F482
0001E9030000F482FF2A469901D1E761
00000000000000000000000000000000
00000000000000000000000000000000
00000000000000000000000000000000
00000000000000000000000000000000
00000000000000000000000000000000
00000000000000000000000000000000
00000000000000000000000000000000
00000000000000000000000000000000
00000000000000000000000000000000
00000000000000000000000000000000
00000000000000000000000000000000
00000000000000000000000000000000
00000000000000000000000000000000
00000000000000000000000000000000
00000000000000000000000000000000
00000000000000000000000000000000
00000000000000000000000000000000
00000000000000000000000000000000
00000000000000000000000000000000
00000000000000000000000000000000
00000000000000000000000000000000
00000000000000000000000000000000
00000000000000000000000000000000
00000000000000000000000000000000
00000000000000000000000000000000
00000000000000000000000000000000
00000000000000000000000000000000
00000000000000000000000000000000
00000000000000000000000000000000
00000000000000000000000000000000
00000000000000000000000000000000
00000000000000000000000000000000
