00000000000000000000000000000000
00000000000000000000000000000000
00FAB942FE0A8D7B00FAB942FF0A71A4
01F556AD00FAB942FE0A8D7B00FAB942
FF0A71A401F556AD0002E1920005C324
0002E192FF46D61E01ADA39B0002E192
0005C3240002E192FF46D61E01ADA39B
00000000000000000000000000000000
00000000000000000000000000000000
00000000000000000000000000000000
00000000000000000000000000000000
00000000000000000000000000000000
00000000000000000000000000000000
00000000000000000000000000000000
00000000000000000000000000000000
00000000000000000000000000000000
00000000000000000000000000000000
00000000000000000000000000000000
00000000000000000000000000000000
00000000000000000000000000000000
00000000000000000000000000000000
00000000000000000000000000000000
00000000000000000000000000000000
00000000000000000000000000000000
00000000000000000000000000000000
00000000000000000000000000000000
