00000000000000000000000000000000
00000000000000000000000000000000
00FD0E1EFE05E3C400FD0E1EFF05DB18
01FA139000FD0E1EFE05E3C400FD0E1E
FF05DB1801FA13900000C6A600018D4D
0000C6A6FF26485601D69D100000C6A6
00018D4D0000C6A6FF26485601D69D10
00000000000000000000000000000000
00000000000000000000000000000000
00000000000000000000000000000000
00000000000000000000000000000000
00000000000000000000000000000000
00000000000000000000000000000000
00000000000000000000000000000000
00000000000000000000000000000000
00000000000000000000000000000000
00000000000000000000000000000000
00000000000000000000000000000000
00000000000000000000000000000000
00000000000000000000000000000000
00000000000000000000000000000000
00000000000000000000000000000000
00000000000000000000000000000000
00000000000000000000000000000000
00000000000000000000000000000000
00000000000000000000000000000000
00000000000000000000000000000000
00000000000000000000000000000000
00000000000000000000000000000000
00000000000000000000000000000000
