00000000000000000000000000000000
00000000000000000000000000000000
00FA9B90FE0AC8E100FA9B90FF0AABCC
01F51A0A00FA9B90FE0AC8E100FA9B90
FF0AABCC01F51A0A00036FB70006DF6E
00036FB7FF4CBC8101A584A300036FB7
0006DF6E00036FB7FF4CBC8101A584A3
00000000000000000000000000000000
00000000000000000000000000000000
00000000000000000000000000000000
00000000000000000000000000000000
00000000000000000000000000000000
00000000000000000000000000000000
00000000000000000000000000000000
00000000000000000000000000000000
00000000000000000000000000000000
00000000000000000000000000000000
00000000000000000000000000000000
00000000000000000000000000000000
00000000000000000000000000000000
00000000000000000000000000000000
00000000000000000000000000000000
00000000000000000000000000000000
00000000000000000000000000000000
00000000000000000000000000000000
00000000000000000000000000000000
00000000000000000000000000000000
